冥渊缠铠【怒头】,-18,-3,0,0,0,0,0,0,1,超会心,1,,,,,,,,
冥渊缠铠【怒头】,-12,0,-3,-3,-3,0,0,2,2,,,,,,,,,,
棘龙Z首脑,-12,0,0,0,0,0,0,0,0,减轻胆怯,1,因祸得福,1,,,,,,
棘龙Z首脑,-23,0,-3,0,0,-3,1,2,1,,,,,,,,,,
爵银龙铠甲,-20,0,0,0,0,0,0,0,0,破坏王,-1,攻势,1,攻击,1,,,,
爵银龙铠甲,-12,0,-6,0,0,0,2,1,1,,,,,,,,,,
冥渊缠铠【怒臂】,-24,-3,0,0,0,0,0,0,0,死里逃生,2,,,,,,,,
冥渊缠铠【怒臂】,-4,-3,-3,0,-3,0,0,2,1,,,,,,,,,,
水行・醒【圆带】,1,0,0,-6,0,-3,0,0,2,翔虫使,-1,攻击,1,,,,,,
水行・醒【圆带】,-17,0,0,0,-3,0,0,0,4,翔虫使,-1,,,,,,,,
冥渊缠铠【怒足】,-4,-6,-3,0,0,0,1,2,0,,,,,,,,,,
冥渊缠铠【怒足】,-16,0,-3,0,0,-3,1,0,0,超会心,1,,,,,,,,